,eta,v22,v32,v42
0,-5.0,0.0140851766899,0.0102332838628,0.00584159703274
1,-4.47368421053,0.0150192939913,0.010336800467,0.00543946745888
2,-3.94736842105,0.0152560071308,0.012534064792,0.00682270191266
3,-3.42105263158,0.0166258019745,0.0139691912473,0.00634780472176
4,-2.89473684211,0.0182302677313,0.0153726285708,0.00879620926007
5,-2.36842105263,0.0189415208074,0.0157969310411,0.00868008073018
6,-1.84210526316,0.0204854588765,0.0162605783507,0.00898725431887
7,-1.31578947368,0.0215589343607,0.0177144125135,0.009900955026
8,-0.789473684211,0.0228701174112,0.0184082251774,0.0115545784894
9,-0.263157894737,0.0235078945082,0.0195174499815,0.0116298472611
10,0.263157894737,0.024320434115,0.0193824911593,0.0118434016213
11,0.789473684211,0.0234423217981,0.0185509691499,0.0112646998535
12,1.31578947368,0.0223681630274,0.0177379994601,0.0100368852933
13,1.84210526316,0.0210778532705,0.0167882973723,0.00917041250212
14,2.36842105263,0.0200632751515,0.0158036608132,0.00975354000001
15,2.89473684211,0.0194750589652,0.0143980833668,0.00908078162301
16,3.42105263158,0.0185199389846,0.014372197205,0.00801470400565
17,3.94736842105,0.0175901085993,0.0122806256347,0.00741719738736
18,4.47368421053,0.0155843848091,0.0115332318343,0.00486887885987
19,5.0,0.0148702924492,0.0105123244492,0.00678670323705
