,eta,v22,v32,v42
0,-5.0,0.0595911848874,0.0140278843156,0.00696621197674
1,-4.47368421053,0.0607270445975,0.0158629163949,0.00922407948072
2,-3.94736842105,0.0625408388362,0.0193416729557,0.0102990904376
3,-3.42105263158,0.0652288604813,0.0226569618075,0.0108229288916
4,-2.89473684211,0.0672943333191,0.0225629426795,0.0123524016077
5,-2.36842105263,0.0697463033291,0.0245376463562,0.0131372999741
6,-1.84210526316,0.0718822394403,0.025760913583,0.0147671294226
7,-1.31578947368,0.0740829722639,0.028537402129,0.0161866798672
8,-0.789473684211,0.0765787769771,0.0300594524892,0.0164801531606
9,-0.263157894737,0.0786636130505,0.0308716031435,0.0205275600783
10,0.263157894737,0.0785193246583,0.0301218048524,0.0184814466751
11,0.789473684211,0.0751096971163,0.029956664179,0.0165858086772
12,1.31578947368,0.0722199267841,0.0275352171775,0.0139680239011
13,1.84210526316,0.0695587408415,0.0251099034481,0.012958400964
14,2.36842105263,0.0670728301778,0.0243662465426,0.0129352484445
15,2.89473684211,0.0649216583749,0.0228884788261,0.0110756219995
16,3.42105263158,0.0627562834752,0.0205939826024,0.00989261560512
17,3.94736842105,0.0604033635061,0.0195884051486,0.00981308270542
18,4.47368421053,0.0575337779697,0.0168724357818,0.00929367965136
19,5.0,0.0562644277175,0.0138059074391,0.00723717175661
