,eta,v22,v32,v42
0,-5.0,0.0568115998842,0.0140162423051,0.00657224234061
1,-4.47368421053,0.0587928252448,0.0161742057224,0.0101961543167
2,-3.94736842105,0.061857233974,0.0198928589808,0.0100904293211
3,-3.42105263158,0.0647924896132,0.0210509098049,0.0122960445441
4,-2.89473684211,0.0673477444888,0.022028232341,0.0130230688268
5,-2.36842105263,0.0698489278461,0.0231049290304,0.0144650819204
6,-1.84210526316,0.071781296113,0.0249504024283,0.0156445439326
7,-1.31578947368,0.0747063356065,0.0255629891242,0.0161902003693
8,-0.789473684211,0.0776497697055,0.0272230292105,0.0181006225986
9,-0.263157894737,0.0807821587632,0.0281788034647,0.0184424609002
10,0.263157894737,0.0807284597339,0.0271803105709,0.0186186451843
11,0.789473684211,0.0781958922015,0.0278016305939,0.0161272633169
12,1.31578947368,0.0758134029021,0.0258493129829,0.0155147276173
13,1.84210526316,0.0720419847943,0.0233954559325,0.014204196771
14,2.36842105263,0.0702097675618,0.0225648087187,0.0140889797441
15,2.89473684211,0.0685021706359,0.0224326245912,0.0141560925112
16,3.42105263158,0.0658592875666,0.020530079842,0.0134700442959
17,3.94736842105,0.0632960216806,0.0192875239869,0.0101102322728
18,4.47368421053,0.0608657002915,0.0180231747301,0.00998894133723
19,5.0,0.0590386648714,0.0133872143923,0.00692293299584
