,eta,v22,v32,v42
0,-5.0,0.030194853417,0.0145160499649,0.00656024276392
1,-4.47368421053,0.0322560835524,0.0171152991698,0.00679547143215
2,-3.94736842105,0.0349796355707,0.0187200535908,0.00713899608791
3,-3.42105263158,0.0370969576754,0.0186467768698,0.0084150882768
4,-2.89473684211,0.0391489734546,0.0203772378026,0.00904535556924
5,-2.36842105263,0.0409457315754,0.021347955518,0.00856358644957
6,-1.84210526316,0.0426934637491,0.022063270756,0.00941612884885
7,-1.31578947368,0.0445122894194,0.0224976332458,0.010272574235
8,-0.789473684211,0.0457478736892,0.0242084202047,0.0114269870852
9,-0.263157894737,0.0471504733351,0.0243457174865,0.0125231963855
10,0.263157894737,0.0472928265448,0.0240184716348,0.0121716570009
11,0.789473684211,0.0458873256962,0.0226367397218,0.0122766881729
12,1.31578947368,0.0442540195162,0.0222214612479,0.0116047259061
13,1.84210526316,0.0428124145615,0.0212519168308,0.0114229108697
14,2.36842105263,0.040775867156,0.0205873130408,0.00971058544182
15,2.89473684211,0.0394059219702,0.0205122322728,0.00896867278448
16,3.42105263158,0.0376347809034,0.0190338234715,0.00835536825973
17,3.94736842105,0.035575877489,0.0178981716981,0.00803514636128
18,4.47368421053,0.0321113862677,0.0152070745074,0.00739820748527
19,5.0,0.0291335246369,0.0133611382028,0.00523311395466
