,eta,v22,v32,v42
0,-5.0,0.0330576118589,0.0136438705507,0.00590706510781
1,-4.47368421053,0.0353997670282,0.0159069265391,0.00676447503896
2,-3.94736842105,0.0378338268601,0.016191934569,0.00817369894184
3,-3.42105263158,0.039742923355,0.0182244217647,0.00871868053171
4,-2.89473684211,0.0404619452537,0.0197120148694,0.00975775784937
5,-2.36842105263,0.0425165197674,0.0197250455973,0.0111275818023
6,-1.84210526316,0.0439478501968,0.0214182369885,0.0120869575451
7,-1.31578947368,0.0455470929892,0.0213091364021,0.0130637601592
8,-0.789473684211,0.0476275456944,0.0222438862574,0.013616794568
9,-0.263157894737,0.0490518525444,0.0235547637833,0.0139694644493
10,0.263157894737,0.049780595646,0.0232176955569,0.0140976649094
11,0.789473684211,0.0483267221796,0.0217680273825,0.0124488473002
12,1.31578947368,0.0463572216521,0.0209723463072,0.012883156097
13,1.84210526316,0.0444293009406,0.0192573294333,0.011680396214
14,2.36842105263,0.0419914486538,0.0185137933439,0.0115051206553
15,2.89473684211,0.0406109168838,0.01802032938,0.0103822605479
16,3.42105263158,0.0385074234173,0.0170519979554,0.0102407456416
17,3.94736842105,0.03610013049,0.0164451123186,0.00880696569368
18,4.47368421053,0.0346844618614,0.0158456411682,0.00818217303307
19,5.0,0.0338442263789,0.0141344328323,0.00584161803333
