,eta,v22,v32,v42
0,-5.0,0.0547285033086,0.0150631399209,0.00859900634527
1,-4.47368421053,0.0574715272486,0.0160826395603,0.00797633480905
2,-3.94736842105,0.0596133827822,0.018623615476,0.00659992027483
3,-3.42105263158,0.0625346248979,0.021270789639,0.00805458890121
4,-2.89473684211,0.065172355697,0.0196569531056,0.0112967941787
5,-2.36842105263,0.0683783630739,0.0217786489373,0.0161909282959
6,-1.84210526316,0.070228774753,0.0242706835411,0.0132610315045
7,-1.31578947368,0.0738281819999,0.0268948011474,0.0122004656442
8,-0.789473684211,0.077532719744,0.0278256041936,0.0179046543128
9,-0.263157894737,0.0802058262798,0.0278479938424,0.0200919312619
10,0.263157894737,0.08024692459,0.0289127268419,0.0183380081334
11,0.789473684211,0.0779172658619,0.029817111013,0.0132451035974
12,1.31578947368,0.0744693763214,0.0268450421437,0.0104242182606
13,1.84210526316,0.0708590825373,0.0245755661304,0.0107306390115
14,2.36842105263,0.0684648699231,0.0239157107887,0.010057243317
15,2.89473684211,0.0665878192857,0.023090091404,0.0134428936627
16,3.42105263158,0.064851453411,0.0211458574896,0.0104699112146
17,3.94736842105,0.0618497054833,0.0188717557806,0.00709185940685
18,4.47368421053,0.0591631201543,0.0172560998962,0.00762037468094
19,5.0,0.0566270983365,0.0145529632301,0.00327884149096
